1000
775656 167883835
144198250 43421961
170349795 160601076
55229496 4901304
35781228 26249836
34935160 601062
3628219 138917574
193369224 118368696
55064108 37237310
149068400 69621220
207259648 40131882
35799210 39655104
56696726 153374460
87234554 488680
84989208 5865870
7034412 4038013
8700923 80853663
209842985 177283282
39646430 67099221
155727714 15594306
121569120 81516175
103691637 36641559
103446988 225295800
52396148 119282982
12745877 48468060
150414744 137617760
26863355 9177246
37475838 144362412
132080525 36559930
105560572 84183274
52991217 170752194
58353408 56942200
48597696 8461001
150814950 13610777
33452736 90794704
67067904 80517536
44068860 21567390
78482758 160234581
97823717 187089966
29365392 14511528
47133960 156602250
10043716 30703032
87736653 9004404
103321875 110429134
170496800 236745465
39215270 108000
179340441 26147889
3803904 55539726
104528116 18910976
28530198 26775210
32829270 155951072
3155250 205751640
84820896 68531025
190605450 163187970
65473256 44380336
832112 88529760
187722249 22895121
11502057 73338318
199462410 217535580
11173679 104969927
146023020 242928678
49282128 224678424
105415384 16344905
85699288 7450863
31095981 252380184
198811410 5448365
60222118 6024596
125400 101321166
192510270 54379188
6531111 26977480
115484918 33305580
86324544 52961758
43026338 222786003
204746444 304164189
8986350 98361180
312579410 67973717
15052856 56849250
70795746 2636906
6453126 76283360
163261160 83800640
44466900 127777650
4500024 67335266
133470422 73094387
63205160 94961730
27225024 70971768
105071784 23784044
9868617 38394018
119743698 162769998
102054001 1997890
64652931 15415060
113216736 12288258
44294700 166386920
145261350 181640205
98004900 26496718
125402925 30407211
87053928 58832928
736078 28600370
240559875 241543125
88159680 51482214
211895424 61490382
250874754 4708116
100601298 26316543
70284392 19692300
1386528 2972200
30692352 43425284
27542732 207120564
35525232 1214499
225986001 24216565
76820868 74773650
124589341 7276824
250190832 41531196
91446586 1930995
58301000 17050520
142688015 69939677
165626724 105717326
98168220 29005835
25931360 50664488
2044547 42874338
44106036 289493556
46519396 36613150
134696821 33366208
138641550 67299128
179760270 154697904
103289589 3050028
49573356 6375096
10450165 50349751
102265137 277317264
163813776 24835234
146130675 4113396
103029732 119809290
15960314 157490261
108824928 1775078
39019960 29401344
21757350 33096102
16585232 223985502
100055769 81990690
61524646 31919960
91764452 178248623
127824464 12931869
15225466 113903666
217313936 113630940
37727631 97266834
50818446 38130612
106751120 19314180
58600480 68579232
34842002 106599975
112955315 20951460
7507812 6478272
10612032 1553732
60502764 49246032
24452560 55322592
26025960 57580362
51958245 165467504
67003549 51760560
27940590 43464330
11080658 4549962
73452687 1770482
73457788 244980736
36028209 235043336
13888575 32332332
105156178 381874
17583948 1722409
15201794 249036648
75547440 1086049
165824426 24599820
90739686 180672510
231363132 23024655
2943360 9073958
64138230 32570320
77819584 55739414
223155350 175914936
191077656 191507330
227973450 3658956
1875744 197078502
32631650 53473680
70591859 32794380
1427812 137315529
149956224 1312920
27695408 13491348
199791892 136625090
55300595 159364680
50904360 16794827
18929706 7663040
3472592 12361552
48931665 53094780
32275464 44390298
140970413 27015510
119160720 132184050
53138506 82802214
231858849 271967048
27727909 179454464
255107244 169363808
15607872 43178970
22353056 624776
11171972 37206272
63778240 23644100
18024027 19525149
2149498 207949995
2865577 102109800
36663651 20273932
94297008 258976172
36504254 252558020
19292525 33344640
55923886 73957420
108620913 113792712
11036712 24217350
81694860 185926995
144673464 191643171
48867277 6237189
150830820 16127930
18692751 282161344
105298942 138045654
4885925 54933821
121413143 654948
1150112 146857502
9307512 11045306
15999841 122519005
9256476 19062901
29117367 12186470
104867040 89876128
1657625 9768052
170846190 193966281
22237021 97855956
20790930 7001008
259520040 17464486
211817010 17518082
1499175 37410372
74225840 78588540
203783580 119175888
19035772 80616465
67993404 37447410
16171897 57942618
9115570 24994658
25716240 38309320
142560060 867359
104324580 82993488
35609696 25326240
6238557 15802265
126047146 111115875
249887896 38937984
13634880 184167789
2425386 72133074
285666330 61195026
46457122 36831536
730365 34413579
9565792 2117200
30505912 87977584
45171594 151251510
22483949 15537140
140989647 1433250
10195372 52538200
79201332 60173659
208423859 252105696
153371130 7626267
70234586 28638930
190072960 236094222
170586750 87221198
231929568 58977083
52214357 46379664
3527266 30279447
110323150 96230345
48784554 291442541
26740030 1172541
102737796 154550180
51255960 140296715
7366788 39419600
217707336 86055773
248942340 179898939
198769542 25957657
21096771 11927188
19089432 203425224
114079269 135687093
151403200 170810497
2100703 38054016
83844384 42996126
28235262 80743308
165182727 75320700
151570 49464261
144830028 8549928
536068 75005310
148117653 234843105
23268730 238989296
124443216 724472
115290864 40667185
8575290 276828354
127045050 44548500
10566844 119703234
31925586 159089706
10664302 18282978
20137975 31760400
22894816 33396690
16630912 86398715
171461521 65772252
168177222 70911335
235339279 63590481
91506250 172673500
30785728 39403180
46865720 28872316
195530867 4217760
9762855 110821050
106356510 92829504
73575580 21077637
191569488 121787863
88710153 6804500
21456783 106214736
31684440 1194375
138539168 2118975
187029806 156430404
15448620 169278776
60387845 4789720
2514266 39215120
20275677 58265584
19470144 32880616
46525600 153479835
4142880 159394422
152731067 24204024
51017004 17253075
17315856 217231332
22182164 231330216
48985692 29834763
286883752 52079831
84716666 28056275
154557660 12387540
128714582 23509448
17101448 52774512
149625344 12293874
95987712 7814314
68331674 5792882
137347416 22145202
10832448 102775650
1735815 4003340
151320888 152690916
219959355 22214563
139427586 71860284
4057013 6032430
58158984 17957712
36179280 395760
63968373 90495797
75211376 54355959
12767868 71137254
123124008 23619973
31888017 49277270
2519376 121047688
1767198 210628758
160230385 22517858
198638448 16385432
184447640 204195816
10523169 65500074
86769219 263342997
58028994 11747512
113807600 40239334
14533407 106343610
27134775 61153077
28729584 68745024
11420970 89696600
54113472 3059190
300758637 189070448
128137150 269072292
98461305 28034160
175687199 95421940
45063408 20273400
46992876 46411642
206424036 24718435
57987818 51624580
28980046 117751256
43509050 42601420
9018216 1494356
34848258 119697079
64454153 39941640
11099310 552000
26538525 10290429
81345312 119868912
175137568 50678775
46954476 259433240
13625787 19420176
74090961 14952126
33763370 29766611
112583976 2353000
641297 248676567
142982980 25473838
60757697 4569686
18501000 21294454
164497712 72364349
57806541 89711220
96627078 95109840
12229672 66109683
162058600 27785310
42106246 69409212
74623950 854464
7121008 60221327
62098524 35278815
41845404 138515710
92778000 125334110
250064018 89247072
186663100 16699973
2026824 296281776
138411828 26729680
2913738 82984356
23284668 54362741
97275939 147344176
418266 134576240
29218650 46229244
38281845 192250464
145626096 41617809
31949662 15823616
43454880 41339558
26293696 40604223
58655520 5780370
65069829 7012224
46738515 108993612
16867896 19336384
113137848 92805186
138489966 191779754
147274032 161339500
76002384 2444175
246490140 19202050
73633028 47493516
107901882 136177388
254915433 95487702
70460400 22567584
60451558 36310252
183052350 37773054
5068416 48899700
150976104 18147690
21091966 15236214
221796968 58753632
71268309 37190790
48857712 109088746
191554853 15336443
130293724 56723106
24192595 81783170
1978350 57088630
6497888 24420495
164189283 71729042
198030529 61287200
86150400 50141331
130813408 45133776
1142339 9680976
112776660 46236996
77747908 213438400
216535616 1262686
3341468 23097760
1089946 225479687
47079414 9523134
834171 97761240
5243936 51313990
10632856 4059692
166123466 148012368
16667170 97103160
106562772 86365630
39505411 12229008
70248114 90418389
19364168 3151188
87181360 149432529
19814888 78109920
60238040 16635952
51846250 207200756
50998337 48419056
101022248 32598920
99918299 82546546
159048688 63385218
1985797 24899994
5131229 64503257
285304146 66162327
11767650 80799338
36939528 2407908
61091652 97705638
42613458 161305452
6288260 36509781
27318928 3747692
394306 41740737
164734011 36120370
101689441 42567360
69410320 120087864
47916000 225755952
75203484 31978362
129209020 42173484
125605336 22473115
33294155 7692720
12318845 145346670
105366288 34273360
14179579 8660284
184250880 63976779
166395312 262559562
4340560 19696924
23933460 65703768
94863136 18872026
58074080 88657254
94128258 19144212
44418944 8370450
3895776 10634454
51159962 131214955
63142372 30113685
129600648 26549055
38813256 28384214
198997008 208029928
27536652 174016212
4271056 101285066
52852576 24296896
29660166 104982240
20361895 125042684
5685394 3232195
31027700 21293520
44695854 55168950
69309954 169373280
172091957 146876648
75881302 117837990
161193796 119582928
47804510 6156525
164912550 52583533
1133664 64400070
29180599 57917060
118367960 205179286
59874300 41687520
20599116 99514994
49363402 43625360
10399896 12697372
132748022 30189802
9789597 28807408
33268875 233617520
14330034 27922160
144535725 11038216
34575720 4830840
14946276 75457648
159443424 77190960
10413440 34563531
25625760 262850952
158175038 136430597
60758478 39507600
1937408 172454240
31193400 23537724
12646426 5742736
145167096 95928014
89273547 28264568
177164197 112441274
170236590 93045750
55206072 49557132
38414079 67097268
78073128 65181768
33632170 66023072
14897854 227718400
225511308 1031548
13568727 245631312
79546542 45903316
54396320 4195324
12035320 15867968
64106324 91796320
161793216 95097456
43765968 65334570
96088445 8097188
4768596 4961064
81878734 17548656
182541492 7336638
62077432 22727627
12145440 50971844
46707 74731008
110503224 39546966
52021500 64350831
126780394 7284816
122104620 139815234
127655115 1573932
2035370 309477952
89700210 18197150
49812475 34138650
24347025 43062950
107196024 274878022
251859772 50690976
84522130 3544896
188825040 105056376
140615547 40405940
167693573 158664792
53654436 132816718
227573109 47923559
103162984 218791820
27579688 4796092
251625489 186262591
83679302 74117454
34827102 3252174
41680332 115500
2703870 90380840
58378524 56436328
106272270 165482163
63214920 58384984
179029862 173062758
27054064 133360240
189044194 168165972
53343525 86176302
38486248 163025933
48463384 21224448
148639738 190623264
27189228 82980920
168111202 86895432
161707282 10800580
213064284 67872898
5382432 22210336
120064000 62574900
22889439 1307322
436514 141989489
51838580 16544639
91832664 14756430
176950592 164735714
81645633 157554669
31838212 80517496
38896033 58016406
65572896 1746254
38726600 12036306
136700282 80113196
2360352 104130492
91151955 19707372
15096510 45194240
35571800 20686920
142494550 133750200
179056 31444460
12692970 224963648
9308898 200258235
28914786 153665440
17975724 1591030
121121972 157933165
128882432 17013000
46594100 2615613
74829810 139720900
59368 35764935
215352 12745360
1769671 85998211
118777092 259147654
161533720 164447792
25402626 23377437
54132792 207313887
132031914 22911550
3226209 12784094
138855830 70517436
104756316 6363006
4535338 9720976
72538272 139939020
35689812 133047670
25493518 45356225
382704 22757816
37089318 34180894
16844262 15186962
70956678 14934574
267577920 18091488
5594912 21721560
2196180 58394000
137677358 14779388
28553502 27883959
24439614 184531236
20081028 189270
166899257 3525290
134173260 21324358
15217528 36204528
174728950 61315362
141834589 212036104
16451645 48852104
85012290 89115700
5802498 82054836
81360 227148036
224656380 11231584
144748890 3970872
95481792 137634080
9430553 123488748
22781670 61685172
64273125 41254850
43402554 14899573
13373550 28418890
187543464 216458025
96906564 148405358
88873344 9346230
10427655 107122820
11249492 194852385
9773457 66823653
171049350 55537446
126245850 104833152
65016086 57958801
30733839 11741580
34330635 16211380
26913097 39659385
27425120 202044575
2115540 14802138
92758757 146946966
1464435 130625070
174150306 63784908
10171035 64773198
152639023 68364602
41611176 135432
14069888 121168960
19553634 142429356
31853920 116849169
33736500 140820680
21993104 112065910
9746622 213316782
102272216 60107462
176553831 26133456
173295084 113587004
5736146 177796880
46704840 19353636
225837922 34759920
221743984 23717470
172061344 91270830
155279712 23863392
24207660 114551220
96044520 3315830
234723216 49555143
118628580 62081532
143258194 127494952
31987620 7815440
1217674 25282422
86260217 96123385
50913674 177373440
143325052 121888923
70425115 73320432
156683990 192933489
139299712 193765428
108626014 200897592
34858755 113440986
27529035 111780396
171724575 130291698
15811040 36651213
8314752 34943260
16876832 1371980
11466378 21733075
244442968 58326235
78981701 3088098
33126660 17714025
7606916 141549228
110706456 103966292
109802304 39957922
147627630 61260092
100813240 46162970
2301432 129830316
221090166 110534340
91824928 44787690
47793312 152978558
89753498 135161376
15516637 48578336
108673588 17250835
15712256 28090788
238795296 75924
147606932 61757471
89403996 77471998
16570413 7206450
286503840 223239679
234715480 48965280
129633200 33621160
134822497 78539986
20437614 24088950
117845415 75749495
54116370 621810
4922488 12455520
213775758 76620478
15183906 171956460
6319949 199090229
17245653 3758040
51579632 137604480
171904636 135413278
86198580 60580930
37251344 5859846
170167736 148430584
90324395 15204150
15324274 25752192
42710274 26167734
4624034 115003167
13453310 167252470
32877545 233788310
167678674 94162159
52805520 89831560
128100084 132624968
131637510 179891184
111647466 207784770
22835681 149142000
33697380 16507152
15352983 141419984
8937938 2159443
55102159 4659935
15379416 124198272
55277712 23198544
242602360 73022060
84319774 70234668
20851794 13764444
13717632 69096763
137189632 32532335
64223467 125889915
44299640 28845461
181959939 17559216
145371470 125587693
932121 52450266
79385400 63476985
177232 19146255
70714809 34435678
133234656 1494402
76782624 4992240
16641570 31423095
215177720 5716190
211799040 26672714
72580988 4953052
286531476 18405146
110770408 103296681
103723528 205310812
56408033 131624053
69091996 166658480
34755864 42775110
304711934 1535394
249802686 23251155
92119724 6380418
130592481 107762303
214711666 24537252
255262392 68010864
81512536 32903064
69743888 161081316
244555800 110992722
7520022 33187865
11382789 74993248
187081092 72039200
99766150 5766100
29004385 76513104
22360882 44577330
9866758 53484760
277379103 6437912
50678943 30373512
24705824 27068472
184966635 264811898
234864 37544364
179039512 85257502
70030980 34887265
212214268 19664976
147327136 170726432
8791161 16766672
11795370 23661281
76744142 26213374
99482564 122372250
220913184 20744430
134636784 116396280
761292 12322635
14728908 72611046
27094692 157478072
70573936 18567680
166424854 107264271
65267943 68671475
88258896 64263276
1113969 23672110
4199708 112988122
116902100 2192372
7579040 181524664
147793146 22615672
32582286 194364400
73100610 4001458
35120015 52661361
108244674 13540623
34759155 204263720
137857375 10303100
53597250 71222784
69717116 41241470
38909328 29635020
128325912 51016615
26016511 33336230
5126924 9846825
788172 20703702
256556240 18664932
19391575 1427840
40110752 37387542
13536809 19358300
246963050 21351250
187920810 118921330
115582244 104318968
21027392 163701350
37827894 198931672
2062104 15213718
21866922 48075984
198749397 7005668
88724330 35110322
16285248 224611569
24834026 7936944
116446954 120398412
194116680 87066532
22666050 41822590
90305208 148393125
199882726 3462768
1471561 110777831
192279760 26789910
107439016 144105663
193535730 45093463
1541190 198247301
45976012 42438567
296685158 53257296
282827504 7278584
90892941 170134893
48574512 50199183
103212300 13558139
77681377 55168958
36499983 123486362
53357040 3266550
81568734 42364901
50400160 36804416
87956352 64329795
32785350 131677470
38621212 55514922
30702778 43272176
159267900 7934322
63292964 54636432
3731928 147398548
78815254 2248950
62762624 62903799
26159800 29104584
2578775 86383668
76982500 313541382
112740072 86327760
35932692 210340865
43684872 15345959
62435021 73270586
28488030 81755000
282124080 182298101
92364408 69234543
86360356 17665024
110162844 28124625
147559836 20306273
15384375 123966600
19240305 17370625
187493615 76715184
11331462 2053685
29258642 111112554
208066838 15699426
109480536 219452922
2362800 15744609
21147728 643405
78507822 244714624
92594277 131966484
22318234 37271376
49498876 205394382
50269250 290387430
58703680 65225530
118144000 23915294
56978112 134014192
159375561 53178220
1190921 71521060
22155388 897115
60318006 31927798
60395400 19247410
243302486 47223026
142532794 56729683
233607570 1026492
66338797 21847707
154807980 9191273
66399705 198370260
22649892 2887755
75836228 16405282
8888922 211382873
42227836 132853582
53235000 104697952
268228503 9446423
252299138 6777344
232614045 28386589
28238480 281130072
86068565 24219360
200825471 222237760
33000401 23288070
15526269 43755385
184923722 251311444
33541134 15729120
91135419 7303940
56098980 89318280
136339944 105653064
116470120 141226620
206725614 39104570
173648670 40911390
82607490 20170197
3848334 100992178
36451194 50353920
3062016 13643262
152401197 130051480
30823260 172237520
52901248 118025235
9596405 41363520
275128050 140237900
50459400 209171466
6412626 595998
1374988 69425048
69712128 131661175
176726480 178226445
151756115 12794866
53313275 47151426
2055428 103537174
23342600 7837291
228627425 108559794
262602945 142797495
46977556 2434914
135807464 56121472
15474720 74826818
3921048 78925625
1743948 11523501
297267972 227387070
12976862 78970612
1000000000 1000000000
50000 1
987654479 1
789543371 9
50 2
500000001 999998876
36547785 4569987
1 100000000
2 1000000000
5643 43150000