10

1 0 -5
0

1 0 18.36
1
9.18 4 -5 -5 5 -5 5 5 -5 5 1 0

0 0 18.36
2
10.18 4 1 1 100 1 100 100 1 100 0 3.14
8.73 4 2 2 100 1 107 108 2 97 1 10.7


1 0 18.36
1
9.18 4 -5 -5 5 -5 5 5 -5 5 0 1.57079632685

1 0 18.36
1 
9.18 4 0 0 100 0 100 100 0 100 0 3.1415927

1 1 10.00
3
9 4 0 0 0 2 2 2 2 0 0 0
8 4 0 0 0 1 1 1 1 0 1 1000
0 4 0 0 0 100 100 100 100 0 1 57.48

1 1 10.0
10
9 4 0 0 0 10 10 10 10 0 0 0
8 4 0 0 0 9 9 9 9 0 1 7.88
7 4 0 0 0 8 8 8 8 0 2 6.57
6 4 0 0 0 7 7 7 7 0 1 1.1667
5 4 0 0 0 6 6 6 6 0 2 2
4 4 0 0 0 5 5 5 5 0 2 -98
1 4 0 0 0 2 2 2 2 0 1 -9
3 4 0 0 0 4 4 4 4 0 0 3
2 4 0 0 0 3 3 3 3 0 1 -0.98
0 4 0 0 0 1 1 1 1 0 2 -1.22

-1 -1 10.0
10
9 4 0 0 0 10 10 10 10 0 0 0
8 4 0 0 0 9 9 9 9 0 1 7.88
7 4 0 0 0 8 8 8 8 0 2 6.57
6 4 0 0 0 7 7 7 7 0 1 1.1667
5 4 0 0 0 6 6 6 6 0 2 2
4 4 0 0 0 5 5 5 5 0 2 -98
1 4 0 0 0 2 2 2 2 0 1 -9
3 4 0 0 0 4 4 4 4 0 0 3
2 4 0 0 0 3 3 3 3 0 1 -0.98
0 4 0 0 0 1 1 1 1 0 2 -1.22

0 0 0.5
10
9 4 0 0 0 10 10 10 10 0 0 0
8 4 0 0 0 10 10 10 10 0 0 0
7 4 0 0 0 10 10 10 10 0 0 0
5 4 0 0 0 10 10 10 10 0 0 0
6 4 0 0 0 10 10 10 10 0 0 0
4 4 0 0 0 10 10 10 10 0 0 0
3 4 0 0 0 10 10 10 10 0 0 0
2 4 0 0 0 10 10 10 10 0 0 0
1 4 0 0 0 10 10 10 10 0 0 0
-9 4 0 0 0 10 10 10 10 0 0 0

36.5 23.5 1000.0
5
981.64 4 0 0 0 47 73 47 73 0 0 3.14159265
908.3 4 0 0 -73 0 -73 -47 0 -47 1 -5.0
908.2 4 0 0 -146 0 -146 -94 0 -94 1 0
614.44 4 0 0 -146 0 -146 -282 0 -282 0 0
596.08 4 0 0 -1000 0 -1000 -1000 0 -1000 0 0

