200
42
18468
6335
26501
19170
15725
11479
29359
26963
24465
5706
28146
23282
16828
9962
492
2996
11943
4828
5437
32392
14605
3903
154
293
12383
17422
18717
19719
19896
5448
21727
14772
11539
1870
19913
25668
26300
17036
9895
28704
23812
31323
30334
17674
4665
15142
7712
28254
6869
706221269
1069909135
257655784
84970744
21417563
37379061
40873981
8670529
80835681
436291073
653352031
106923811
374079501
466701607
86546365
247776868
480572137
222071041
36629217
366496749
549646417
278840199
119255907
33557677
379268590
150378796
137583463
225450721
32230963
709031779
144328646
513494529
36547831
416998222
84161665
318773941
170724397
553666286
368402971
48581613
31452501
368026285
47903381
939151438
204145360
189920160
288159400
133145006
314295423
450219949
160203213
358403181
478734385
29331901
31051111
110710191
567314089
139695685
111511396
87708701
317333277
103301481
110400517
634446253
481551313
39202255
105948
738066085
26137201
8465310
55521105
554160985
43110748
94689271
217042883
108977345
330434686
108129401
521273565
690847795
68513793
190566997
490170279
65449576
44362900
48440002
278570943
187689601
89065045
407401681
226128239
407412023
760640414
483589585
227869097
145992803
539460831
49267979
453525721
220504717
268362182
270332383
422018828
864500607
718777664
823885010
575778461
923741144
374234848
183615785
210138522
971314438
110248253
608082316
158545325
784833808
788135758
428628454
864772267
908085752
578835511
812554455
462184541
273151654
161015420
516067404
326445788
468247847
178440353
102218755
314142233
487726581
186066167
311614405
663166138
875032260
127432262
737155268
275645023
476358562
440143788
234615053
401625873
862015722
270155286
121367730
313822501
404676380
115321350
217573310
