395
331105236 82934100 3711
26459856 2191992 30382
213398280 92278320 27018
102952800 101285760 13130
15526350 7644660 21389
107350272 104737724 18014
156772182 39984000 12057
22987160 16368920 24131
387225900 52690056 19892
92082168 3344544 29255
290241296 20333916 12418
185361870 66584835 26761
253271520 77076720 16460
239965875 126719448 31279
52080496 1033200 1975
12160885 2228769 20931
828501800 6099940 15460
226211310 116369528 7222
48962772 20906064 15104
136033800 22658772 3646
8604834 2058508 13548
113333220 34025259 15866
66164148 32774784 22970
620364096 111884514 18252
14602160 11290188 32689
1442250 429232 32390
52184615 33995104 14618
45501120 4077696 26480
65469600 20172984 10870
122516000 79760772 13445
50576400 47570304 9813
93675768 3677790 20894
229037592 91446732 4279
8270688 756505 31684
76280720 4063986 12674
455122008 159608000 14541
17540800 12325749 30616
78201864 32227170 6034
227808750 4987440 32262
28445736 19036325 23239
119960892 18708664 32253
86849370 11074910 6621
646638600 12920466 7347
114436416 97455 29907
275060331 74299500 6312
64878594 5859414 14631
53041659 10066482 26369
676758500 10113552 2568
189495600 100934400 25063
12978576 1577108 7780
589639680 2433336 26272
432936288 42929280 16773
161206848 2443458 21709
14308160 5050120 12434
301855220 71491756 5646
358255944 122509920 9957
73983910 32027823 10279
47273184 4937280 21324
67122370 29952522 29626
339922800 304110 26847
3725264 1493620 10747
190097760 49969328 9753
147755800 27316380 32199
180609632 100927176 29690
27576138 4461600 13834
104106348 102034944 11417
88919040 57441120 22647
56746200 37697011 10615
142989300 37390464 25547
78008028 42153629 2067
200899328 5983210 3639
11577600 907576 23691
83877808 555424 31312
534988800 292064460 15095
158127270 49966200 21819
36447168 24757000 6567
94040040 64731948 19509
97181478 6269984 29196
130532688 6551460 19044
76039125 35621540 18828
53934660 12807120 31702
102742101 19257336 2126
341626896 5966420 8090
26430624 1267200 24661
148153752 145925780 13578
230276816 8642112 9274
910176240 29500184 23882
180900624 14401050 5692
128017656 3672225 12789
67900140 9144960 18835
43991479 24896361 2915
48239700 7887040 6663
182208000 9882396 14305
253135384 12341160 25338
483481440 8378895 28959
203146164 58520600 3273
120207594 4818528 15603
697228350 53735184 26710
83301621 45496176 27254
111646276 24105376 8714
36368376 16541400 30850
147683775 34299210 31446
398979024 3079980 22359
70721040 15863392 28426
201390624 129367392 13652
100324488 3431440 27554
88197870 32855256 19041
38492352 16223280 6875
38329101 10044928 13042
151938250 82497840 20761
72690336 62183646 18843
225289428 43673840 9858
468309220 88276456 19281
145105642 36161580 1816
121471620 58238856 15894
33081588 15879360 30717
442611200 165981312 13634
137915316 135077010 25454
103465222 98200690 12533
55675140 28596260 25401
374499504 2987598 16715
54920276 7067136 9290
105018760 1666980 6597
373337748 152415744 29598
248424330 87751032 16107
699996720 12519976 15097
7729056 2108000 8409
81070515 10237656 15386
574683372 57985500 29519
28410690 26238975 21426
121622480 9058230 30701
183393819 2878280 11035
159242640 51117024 20206
134215235 59058700 28760
249494040 1755546 21234
293713675 40018000 26081
59663160 2798568 27206
190380800 35380430 30099
156195100 7998970 26899
72347200 33779502 12813
10674147 124950 30719
38000620 1576896 12773
337315284 88143012 13040
182162475 486164 24159
200957400 80279268 23176
431843400 182446110 30973
298312416 151429708 25820
3022131 963792 13165
312239025 8034510 26366
83566080 9828672 28717
147563451 96200097 31774
289404736 18911936 30918
212580927 4098240 12067
65741720 33456245 26519
51279480 24123792 7921
62749320 28584542 9165
72150000 0 18912
110718608 0 26548
15281290 0 6747
256286232 138849056 29896
164580960 12048300 32151
197546052 6711872 18878
93773900 7256025 11165
473023944 11802600 9604
116211552 74359920 4791
322718778 25311600 10735
210687030 20931040 15394
240885645 124397160 29924
10342102 5462736 11922
159468240 25385724 20662
511372816 210086534 26569
65728960 35139051 23236
611277840 40862112 8412
141933480 27841968 10674
143831970 107565444 17127
265641728 7099345 11534
183150240 85425504 74
179587723 1168615 29460
71163980 3965976 27837
68531400 3791378 10966
54542868 15773680 27955
109847376 18667360 12977
177364638 122358684 19152
241482780 92653218 3182
35346528 3675924 15380
172150020 1276877 27428
818091160 15624336 19676
45134520 429240 17766
28506320 1658706 7464
344845110 176278356 27702
33398744 12513400 23414
138293856 64498770 30217
147400218 164536 20487
191234190 39498952 31322
128666160 20909070 25395
260565030 47999344 27890
4065250 2321088 27623
143890188 55680 805
192286276 51898392 24021
643511100 5403144 26084
131701860 31741628 30564
37128780 8994 15152
114170922 6888168 24535
143841996 43523700 30062
253145760 60904896 1941
240334974 50454320 26495
120932350 28028076 6792
17098780 820278 24699
179451132 103978966 21239
230496560 10351240 15602
55075328 36731968 18098
436438341 32827404 8113
221407200 50017552 12182
36014275 3303040 19036
207049875 6076980 11281
404453500 8316225 18562
368255100 64921024 13701
39059152 36481596 30092
166603550 123446664 30777
73441445 26462910 24334
282961940 28969800 14350
386595612 89043304 17879
13013343 3313683 16488
170684800 4165632 1883
728208000 417906 18210
144546954 3874488 15433
350096376 250431776 17367
423051000 35058240 18398
170961370 77622044 6605
54542330 43162002 24585
37019580 443400 23106
101677900 48900285 4399
8792784 6023226 3601
309089592 128450385 21509
57261108 47907504 15206
53707324 2584204 9481
13758816 277440 17138
63973012 14750586 31838
61237584 10445130 32755
13139260 2522640 31055
433763810 2574260 25060
45574620 5962880 10802
50623000 3155620 12499
354266170 54286848 15280
46028160 6171375 29341
286668291 71818110 23914
56424000 7381500 30878
573959120 18930080 25008
269485216 11626272 25507
9702288 5409644 15172
133300926 38430450 18857
321818472 4342136 15872
33846592 5021598 26645
21458080 1116360 28242
428658867 162092684 12463
179601664 24702976 18628
156103490 8868160 19440
129846456 85364688 4291
47176290 45349200 30905
99523152 79314924 10869
197874125 82117620 994
235534092 17089812 6236
421596410 52698916 10587
290431512 275857920 11741
4575218 1300995 32551
194137800 147956400 6144
56787912 30004044 18178
351862056 31376400 18165
105357175 54696174 6687
449038080 4020840 5064
393434900 14087632 18668
52877475 46644770 23412
90896736 3435048 15255
83395926 5358423 6799
98881986 73402992 13847
151133370 15113952 30980
162829980 7963662 6364
77458728 51677132 13606
427688261 22086 9449
513388050 6998670 20632
99704340 23819463 24891
81133660 41294682 2084
311118744 125367840 24399
46021456 313260 14882
117959472 43677765 16733
188829600 49336844 30963
69805340 2354220 31283
164882400 28904180 27826
80787924 69253020 4694
597857024 19384596 19514
193789800 5673024 13655
294975000 113430303 27327
49648033 35617140 31234
73002096 654123 2845
105391232 1282253 22265
52508400 2927583 31615
492259803 10806324 19063
119815200 36703254 9107
165873312 62988280 12272
88914944 21864780 28766
357740010 184399992 6493
331937060 86140800 13445
742991600 76492836 23891
408741642 20392734 29895
23246704 10769808 2937
102093280 13629132 25196
49003616 5298672 21921
136478720 13157417 19547
70442820 32160240 30275
353950025 5283804 9248
151203920 58747800 8984
72568600 69734070 4096
78474060 33316800 30725
9739320 481824 18737
86223366 81063252 17353
204561280 8622468 29797
118613568 90615450 3904
172665065 49933473 27564
65859270 21208656 8775
31267329 19964988 11402
21242691 15249774 28853
213106500 337848 11920
49032640 9346968 19025
16825560 13721224 27226
10030770 3410610 27088
4115205 419040 25101
15564050 15329776 31931
9254700 8217188 32500
507176439 77828392 18406
127091000 5648500 7576
276415308 53602088 25436
138261150 32779080 21373
108584640 78476220 26065
2702850 2100792 29578
82463325 73768886 17012
49856040 1160526 17163
300615760 118257360 7142
208832624 186049227 6573
159010554 90310140 31754
603469390 404950630 15388
64491360 12746986 28967
58352560 55014876 3958
203654750 131966240 17897
17587353 1823551 19173
46164924 1769040 933
62550432 32953112 12233
170015724 90984552 30077
230256240 19991250 32254
242658880 1495089 10924
119680832 29032647 2855
16175148 8816285 31762
272226955 265175350 5629
322337220 203345802 26081
12974580 0 8964
222442150 0 1200
173457210 104839524 11674
188334180 12159840 14073
650016360 190675380 17326
111615000 32673084 25884
57686832 26488 15990
103347088 33706064 19472
58449680 23255031 10228
412363860 217899590 5785
7014744 630630 3938
573160320 106227000 25112
7717696 1628400 21129
263459868 201562200 23462
565838784 205479450 29985
171469215 7991640 5019
214599240 25441424 28806
320408928 90683712 15431
231486120 143255112 6316
135998072 51080940 822
53761044 27948024 24155
1000000000 500000000 100000

1000000000 500000000 10000
1000000000 500000000 1000
1000000000 500000000 100
1000000000 500000000 10
1000000000 500000000 1

199876 100000 99876
199876 99999 99876
199876 99998 99876
1998760 1000000 99876
1998760 999999 99876
1998760 999998 99876
1998760 999997 99876

1000000000 5684 10976


1 0 65536
1 0 2
1 1 2
1 1 65536
1000000000 999999999 1000
1000000000 999999998 19996
1000000000 500000000 19996

