1
-4621 -5043 4625
3
0 0 1
0 0 1
0 0 1
4
0 0 1
0 0 2
0 0 3
0 0 1
4
0 0 1
2 0 1
1 1 1
1 -1 1
9
229 -8455 4332
-3122 -9704 3201
4159 -4896 2840
-4434 4643 2672
-8297 -4831 47
-5035 7053 1520
-2438 2863 165
-7212 -9822 4049
-6473 1831 4142
16
6728 -5737 4975
-8141 -6042 3350
-5116 -9789 1919
1131 -7155 3720
-511 -8163 1826
-9274 6477 892
-2292 2678 3667
-4683 9481 2557
-8837 1653 4676
-2758 -9512 976
2745 -7882 1079
-5076 -350 2458
-6886 -3368 1780
-4933 2406 63
-1074 -4632 468
705 6348 3360
26
1681 -9322 1481
-4635 -6384 945
-9343 920 2145
-9758 -176 417
1549 -7114 3038
5930 -2580 810
1550 6217 2133
-5689 -3510 481
-5281 2800 4234
-7861 -8619 3481
-2242 599 3515
2563 -8473 3340
8735 -6816 11
-3072 -1260 2777
-3544 -5355 3855
9334 1834 2656
8666 -3321 3000
-4679 1886 2147
2194 -9584 1007
-5586 5782 198
5598 1191 1239
-5030 2465 1395
-1278 -7956 3841
-2141 3794 2410
6209 -2052 1246
-5736 7090 1384
30
5730 -9916 1857
-9201 6421 4617
3367 -494 3046
-6217 -431 2503
-8601 -452 944
-3831 6437 1012
-4685 -7292 2684
-3431 -7311 4088
7283 -1138 1618
2421 -2638 2499
4743 -9352 1770
-4699 -6526 530
-2461 -7893 4579
9141 5878 2360
-9571 -823 1087
-4573 -5324 4118
-9851 -3522 2979
8331 -6944 1917
-3206 -5379 1080
-281 -3538 2174
5563 -7721 1470
-609 2195 4985
4137 202 1329
-1220 6259 1441
-6831 5367 1260
-7662 2751 3814
2167 -6010 966
1103 8761 2504
-3492 -3972 2396
1571 9502 3822
40
4385 3504 108
-1524 -2050 3983
-9810 -1036 1535
-7626 -7681 4067
3171 -1576 3530
3165 -7998 3037
-1006 1459 1724
-3530 -3442 1919
-3125 -8628 679
-1314 5050 312
-2717 494 3417
1 6042 3020
-2210 -3782 3812
5318 1369 4310
-2553 3156 617
-8305 -6718 1349
-5096 9983 4449
-8722 -559 3687
2439 -8283 226
-3231 -9312 548
-4429 -6112 803
-3986 -3199 1293
-9858 1237 2445
-5380 -7273 3119
7323 -7477 4004
-393 -3619 1053
-8449 -6590 701
-7419 9632 4662
3825 2127 1483
-303 -420 2271
1351 -9038 2404
-2339 -5898 1950
3901 7705 3909
5238 -9401 2714
-1947 9872 4649
-6849 -3680 4531
857 -9391 2260
3407 -6592 2932
742 488 1013
-8616 -3586 4178
53
1985 2075 1741
-5121 8078 282
-244 -4219 4019
6615 -3674 3079
-3398 -9406 940
-3394 -7828 2103
-8175 -9678 3949
-5726 -2891 1226
-2839 -732 1110
-4217 -28 1693
-115 -3839 572
-1050 6966 2114
3034 1975 314
-9473 -4721 3755
-5818 -9835 1917
2734 -3167 2415
-2956 3998 2728
-1989 -3135 4121
-5361 334 2743
2116 6989 281
-2095 6230 4889
-7187 485 2697
-472 336 1515
-5602 1710 967
-8806 1920 4907
-3151 2293 4306
-7308 7926 1919
2215 -3250 2737
-6810 -6607 1634
-6024 -7683 236
-99 -5193 4008
-2894 -3057 3554
5877 -3177 2411
-6604 -3343 1888
-2587 -9866 1998
-132 513 4746
-6839 -7314 4363
9412 7244 2582
-5137 -7985 4252
1249 607 1586
6885 1476 1681
-479 -8949 1940
3214 4992 577
-9567 -594 1912
712 -4920 3775
-87 -3671 3621
-8852 -3467 865
1299 3961 2980
2603 -9798 1311
5004 -6340 4240
4478 -6888 2631
-7606 -5529 716
-8359 -5362 2747
64
4398 -9035 4665
3340 -9754 585
1628 1671 1856
1756 3951 2923
-9562 -3782 2939
-5295 -3735 610
-4808 -385 38
2489 7926 2570
-9746 -250 3913
-3552 -3310 2205
-7793 909 78
-5277 5021 4225
-4015 -1306 1041
-78 2504 800
-1610 1306 49
1198 -7494 2930
2194 -2894 4936
1938 -2773 4952
-369 -7029 3949
9640 130 2294
-1462 5694 2957
-7415 6581 3085
-6042 6315 2851
1677 5222 936
-4863 -8350 1828
-3159 -6545 3727
9359 -9318 1099
-6864 1585 1174
-821 -5499 4831
-1128 -1198 2847
4446 -8714 1331
327 704 1859
-3131 3760 3898
-1409 2399 2136
-2777 -3096 4408
-3592 1538 1194
8177 8722 2990
-366 -1439 1910
-5801 2065 3132
9027 -9647 3693
-7666 -2098 3969
-8542 4129 2575
-7213 -2123 4585
-497 -2065 1118
2172 -1075 4292
65 -4469 3777
-1392 -2712 2285
-8648 6725 2540
-5841 -6271 2478
1141 -5632 3483
-4269 -6343 767
-6055 -4808 3458
-6862 -8553 575
-1856 -1669 1208
-2998 9052 4313
6518 -4596 708
4511 6592 4503
-1235 -6936 4848
-3669 -2054 751
-3092 9406 891
8667 4448 1664
-1345 66 809
716 9150 2127
9948 -1347 3049
71
1956 -2793 145
320 3671 4125
-3009 -3358 1281
-8059 -6892 531
-748 -7483 2146
2712 -4636 724
-8977 -1986 2407
-2300 3712 4401
-1979 536 2274
8906 -8241 3251
-4154 -6363 661
-1311 9937 1398
8377 5856 1827
-5475 9830 903
621 3119 4945
-8995 -9171 851
-8344 5860 4825
-6204 -6296 1485
-1793 -4189 2531
-9222 -1834 4160
-7633 -9536 3507
-2631 1330 4640
-2084 -7278 796
2682 -4418 4740
5466 -6910 1566
-7172 -6359 616
-3474 1745 2398
-8104 811 2508
7117 -3520 2374
2443 -9527 1327
-1509 -4037 507
-4601 -5050 3689
-4359 -5284 29
-2047 652 2150
-6229 -7866 2066
-1493 -8598 2991
-4932 1019 2160
-6284 -2690 1728
2876 -9788 2639
-683 -3510 332
2041 -3293 2671
-8342 1184 1533
-4508 -5154 4057
195 3363 3743
-5543 -6957 253
7868 7610 323
-1371 940 4489
-9352 -7581 2322
449 -2041 208
-5746 9798 2456
4055 -392 2129
-8649 7545 144
-1578 -3219 3722
-1682 -839 2283
1202 5685 1162
294 -3681 810
-4691 -3998 4897
-8117 -1291 3196
2299 -1510 4954
-1983 2564 3351
-5865 945 4227
1656 -3764 3473
-6416 -3421 109
-3236 7550 1954
9548 5260 4830
-9694 -8809 3042
7030 -5686 2602
2846 2224 3081
-2666 -9652 2326
9871 -8680 3383
-6782 -9182 1689
85
-6827 -837 616
-6024 3361 3719
-430 3864 3148
8794 -6362 3798
-7821 -3247 4580
-6138 -2047 4384
-3095 -7801 3301
-9550 -1859 3072
127 3205 1692
5914 4996 451
-4471 -2540 3637
-2719 6714 851
4596 -9634 2018
-9133 4538 2456
8390 -9987 4622
-5857 -5138 1908
881 -8669 2256
-124 1569 1096
-5689 -123 1328
9888 -8840 4518
9 -6575 1282
-9779 -9164 2262
1330 -368 3828
-8535 -3919 943
1929 -5856 4973
6425 -4106 2425
8474 -7749 3136
-7857 -9001 4400
-4214 -5129 1744
-4136 -4358 111
-122 -4607 2515
2550 6137 1840
-8937 -2355 2121
958 2102 3236
322 652 1724
-3064 -7932 4012
-6528 1058 315
1659 -2422 4628
-3733 664 1069
-811 1389 1960
-8129 -4995 830
1405 -2101 3813
4662 -9394 93
5195 -1601 2705
5449 -8729 3446
-7165 8659 3033
-6814 6336 4429
2678 7 1622
-4679 -1848 4696
-1052 -2707 546
-7521 641 4514
-3366 -2435 612
377 -959 3537
-6336 -6563 271
2782 -9976 2628
-2354 1621 3338
754 -566 1057
-7164 -3410 3583
1882 -5627 1150
-8613 -4122 901
-9194 -4595 2519
-3356 1824 1788
-4474 8290 1982
3638 5306 3965
8427 -6461 350
-6859 8081 4642
-2792 93 3334
-5958 -7626 4072
6809 -8818 3688
-3319 -1878 3704
7414 -5338 2748
-4566 -8116 2037
1463 -2025 4794
-1777 -4084 4550
6463 3829 1390
-7162 -7170 4564
-6510 -2199 623
-6006 2043 928
412 2190 4577
684 -4363 1508
-4481 -2354 1560
-5392 -3701 2018
-7992 951 867
-878 6403 925
3875 6696 67
97
3526 -7353 2539
39 -5538 3050
-8118 -9439 3197
2671 -3840 132
2247 -7973 1015
-9302 -7199 823
-5961 1972 3909
-1270 -926 2258
5080 -6205 3793
-7367 3345 363
-9274 7281 2285
-584 -4983 687
-477 2101 273
-4606 4971 4366
-6948 4775 4350
-1053 -1703 2719
2744 7495 4386
1415 -8959 4921
-914 -2582 4867
-4275 896 1877
-5129 1576 2737
-4742 -6052 1904
3732 -8117 2465
-8501 3815 4606
-8512 -321 2026
-9772 -7602 2967
-6993 379 874
9733 -5252 2837
-7429 1347 1026
-5865 -5700 4456
-4233 6146 2370
1068 -6370 2440
-6621 -2310 444
-6234 -6166 1644
2377 9915 3920
-9188 41 1027
-5896 2966 2701
-6495 -2711 1464
-8976 8850 4992
-9998 -9212 2452
-9628 -9012 2770
-3035 -5025 3898
-781 5249 1520
-1009 394 2991
1420 8631 116
4995 -6635 820
5919 -5176 4289
-7665 853 475
8667 -4498 2786
7424 -4155 2657
-2475 -917 4088
-1341 -3568 4837
-1461 4194 1743
3150 676 1478
-4041 -6671 1261
-8554 -8898 547
-5835 -6405 949
-7639 -9906 3387
-4722 -8614 4955
-6594 -6682 1812
-4229 -8205 1378
-4939 -9775 1674
7999 7520 1128
-4959 -2110 4303
3314 -6158 4376
-8010 -3012 303
782 -7182 4790
-8245 264 2513
-491 -6164 1578
1328 -6359 801
4050 -9235 1610
6541 -2121 2227
1223 -808 3293
-4703 -1017 4977
-2661 -515 4277
6360 -2683 491
809 -4493 445
4955 5452 4217
8961 -9101 4457
8251 -9177 2938
-3140 7701 2513
-5626 -3622 4574
-7761 -6522 4493
-4839 -2462 47
-8328 2483 2713
2198 753 2145
-8658 3663 3611
943 -4847 1474
-2962 -7723 2238
-2230 2453 890
-4843 7968 2241
1541 1975 3260
122 -6664 882
8581 7808 1070
-3951 -5914 2079
-1390 -9977 1765
428 4519 3264
93
9158 -9136 3012
3348 -4655 1560
-7195 1974 3427
2442 -1928 2038
-558 80 2305
-1265 3925 254
-2327 -8846 1321
-6531 -4101 512
5242 -9820 868
523 -2856 1037
-3447 -9462 2819
-8814 -8176 4721
1388 -2046 378
-2188 3546 738
-6696 -2049 1367
2239 -2060 3390
608 -4206 2425
762 -9103 3829
-2116 -1402 3484
9830 278 1532
9251 -3573 2130
9682 -8077 400
-4604 5966 1424
-7757 -8957 631
-3325 -8306 2052
-1301 -6723 1264
1065 -9104 2968
5748 -8528 4804
-3875 -9824 4546
-6479 -9402 476
-5116 887 1287
-1224 552 3201
-2269 -9780 4615
-409 -6838 2532
-9296 -6573 3169
-7061 56 1419
-2095 -2568 432
4417 5617 4804
1536 -3175 4978
-5263 -1992 2113
-4079 -6617 3586
8256 -3232 4433
-7100 -5666 2130
-6462 -6276 4176
-1876 -7729 61
-7982 738 331
5975 -9901 3532
1638 -1509 2999
-685 -3876 160
842 22 229
-3572 -3869 1206
-3823 -1122 1716
-7186 8229 2766
-6084 -8868 2073
7705 971 2186
4704 1389 3086
-9372 6893 3393
7483 -7492 4815
2083 -7975 3349
5684 8022 1477
140 -4610 1781
-3050 -9673 2343
-1908 2857 2519
2702 1023 1199
1331 -9823 4207
-9871 1873 4534
6522 -2596 3564
-6515 -6387 2276
686 -2271 4559
2625 1022 1230
-3415 1178 66
-7067 1589 1228
-6527 -6879 1491
-2774 -5109 2769
-1901 -9494 292
2720 3650 1529
-6864 3483 2501
1692 -9776 4463
9117 -9233 3485
-1382 6599 1488
-9082 -5445 991
2507 -4395 182
-5562 -2362 216
-8073 5415 1555
1507 -7173 1702
-2865 6562 1011
6987 -7714 367
-3448 -9054 2444
-1717 -7424 1212
-3204 -5430 2342
-1218 9271 73
-3970 7555 2851
-6965 -1866 4169
95
2448 6947 4770
960 -8249 2911
-3341 3310 3448
-3460 -8562 1233
2955 2217 1894
-3113 -6566 1216
-1003 -90 3713
-2628 -8095 4307
5689 -6842 1732
3458 -4933 1478
-4138 -6769 2187
9316 -2589 1828
-9993 8801 740
3649 5999 1680
3475 9285 3333
8942 7473 3302
-7485 2186 2463
-2280 2404 1204
-2281 -5485 4091
1369 -5232 1728
7689 280 254
-8447 -5598 4561
-4248 -1998 2954
-2204 -2565 511
-1522 2052 3269
-8433 -7853 3112
-1131 -2909 702
-7796 1710 4400
-102 -8346 1730
-2363 3473 4698
1375 8811 3512
5347 -845 2385
2154 -5681 3160
-3305 -1425 1848
-2299 7983 4867
-8366 6349 4169
-1578 -4057 257
-6017 -5687 2663
-9165 -7312 3209
-3439 1027 2173
-8928 -9431 730
7234 -2993 163
-2324 1833 1848
-5244 -7634 1149
-6211 -8356 2384
1093 1839 3198
-5161 -505 4618
7832 -154 2967
-2968 5299 3763
-9910 -6717 1225
72 -1079 1524
575 -6359 2498
7844 -5721 2120
-3568 6810 1594
-1648 7192 1910
-3192 8045 4934
4689 -3245 3237
-2774 2634 4591
-2810 -3351 996
-3133 -4665 2234
-7213 2672 1792
1535 -139 1930
-5321 6225 3916
-7084 2651 2182
-6626 -909 4961
3746 3514 2341
-1173 6824 2128
3606 -4985 2915
8550 -1307 1233
-2957 -3809 3337
6009 2466 614
6450 9643 864
-9978 -6911 4001
-3946 8509 1546
2606 -6806 3589
2176 -4677 1950
2350 -1677 135
1394 -4979 1430
-3239 -8512 4474
8990 -3993 2622
-9743 -7953 134
-1875 -4719 1893
-7526 -4780 963
-241 2665 938
-9137 -9776 2668
-7642 772 2227
7403 2467 2819
-2091 -1551 2050
6752 2387 2610
180 -1562 4740
-1074 -7886 287
-494 -2995 168
-6494 -6701 878
-6082 -4190 615
-7399 -4886 2447
