50
4 174 86
764 135
832 428
720 135
73 93
33 164 177
259 19
752 61
459 254
542 230
281 948
494 687
697 148
110 529
119 18
190 960
602 855
925 647
934 472
886 379
743 471
302 852
302 460
550 818
182 728
260 417
405 412
925 941
249 693
451 841
377 45
522 233
432 77
212 697
754 988
734 658
396 181
739 104
58 44
48 27 92
389 825
501 55
533 526
226 716
103 990
822 423
80 3
244 913
959 445
242 225
263 379
265 622
852 721
543 973
953 809
518 80
286 634
280 995
210 16
154 887
304 508
109 434
263 322
136 325
540 24
247 876
630 319
266 293
397 687
53 613
358 144
325 874
339 929
732 510
378 390
340 533
325 832
174 518
1 649
985 926
358 472
902 798
526 663
99 347
159 892
165 479
983 116
321 787
35 27 7
807 987
840 173
145 878
891 999
947 962
92 300
258 977
234 111
123 64
267 929
86 185
889 384
95 248
233 591
888 947
729 310
164 978
891 97
949 934
960 60
758 157
710 341
199 744
887 430
800 364
947 902
73 617
121 100
163 76
823 956
904 996
384 643
195 95
93 833
955 339
44 102 33
469 512
732 752
966 51
462 202
652 26
35 211
807 929
470 709
166 494
272 595
311 624
243 403
307 647
366 796
824 34
262 309
575 244
280 211
303 859
723 940
141 653
270 979
593 752
101 595
942 561
766 351
345 580
341 782
411 804
873 168
544 824
678 771
818 324
501 486
677 96
76 271
245 253
121 304
510 785
293 228
185 118
139 434
504 826
573 753
9 181 98
919 997
253 927
394 558
854 920
180 598
869 156
773 141
370 759
280 179
3 187 32
888 947
832 915
369 822
16 142 152
148 837
269 812
162 210
167 316
315 944
777 810
528 199
404 580
855 567
467 220
436 373
285 426
730 74
466 937
333 953
453 24
38 52 85
123 420
893 142
595 543
564 44
74 783
124 572
694 812
842 589
355 979
13 681
414 371
420 864
196 388
221 86
114 523
246 433
669 478
268 453
123 283
268 484
105 577
221 425
966 703
440 817
124 766
13 676
213 334
349 957
297 899
385 79
944 804
469 391
430 745
453 13
858 532
41 932
478 262
896 785
28 115 43
297 244
64 734
856 969
992 115
244 660
204 683
265 835
838 972
155 504
389 974
881 428
835 60
869 129
349 613
859 103
137 289
116 97
133 157
294 851
814 977
242 174
358 824
806 997
714 260
860 383
309 837
156 694
136 121
12 125 54
123 628
849 917
820 222
818 81
120 861
173 950
67 850
370 534
226 760
257 248
170 860
878 930
30 50 27
884 146
211 230
921 310
746 345
95 665
370 800
159 236
829 939
927 995
933 974
234 808
86 284
93 80
890 203
328 575
289 584
898 938
283 837
185 999
724 327
270 986
146 59
895 51
707 269
772 370
742 314
222 966
982 955
874 984
970 942
16 122 107
943 64
175 101
972 91
809 964
202 742
935 921
923 121
280 818
342 755
965 338
702 175
102 781
889 244
169 546
969 104
760 255
32 169 24
248 602
56 363
290 912
497 907
118 857
955 905
225 568
717 985
762 987
248 344
872 9
438 125
168 138
206 742
403 632
732 294
847 487
118 732
411 196
726 933
37 679
18 346
414 301
134 343
509 365
28 969
987 9
416 206
17 887
332 432
515 578
566 232
5 155 41
569 327
523 925
64 173
80 734
913 625
25 146 177
706 909
134 3
151 809
928 567
313 629
888 389
852 667
811 506
859 519
792 480
616 939
274 360
329 759
915 223
122 31
781 705
74 44
915 428
575 382
808 713
790 661
791 512
501 119
907 946
119 701
19 30 163
401 293
858 388
763 304
513 398
693 7
824 537
93 256
31 155
216 891
311 137
648 925
828 886
993 599
199 54
313 198
651 174
832 54
670 869
960 614
39 29 2
560 833
581 986
263 137
370 701
328 944
39 138
558 52
76 694
655 162
444 765
86 416
615 758
669 735
166 426
192 132
461 949
789 658
454 652
425 123
143 774
201 257
699 190
818 478
816 495
949 892
304 359
802 725
449 552
670 795
193 547
737 225
640 118
927 19
940 818
75 683
65 770
195 526
523 652
146 807
15 90 79
942 275
223 203
100 506
144 793
337 647
198 789
111 660
219 743
888 242
121 711
82 796
239 591
101 727
238 199
236 912
7 157 90
559 107
735 752
336 145
151 13
751 172
661 457
231 63
6 50 61
735 207
220 849
783 113
105 181
912 417
783 394
9 163 50
188 973
379 581
110 443
211 513
550 833
630 298
625 650
70 286
829 262
38 140 113
807 56
343 953
504 795
313 429
62 775
634 45
388 518
477 561
893 246
339 521
360 880
144 563
127 114
176 250
753 56
258 174
798 505
55 646
892 372
941 739
743 276
317 954
239 870
785 315
304 892
100 156
659 504
282 385
157 933
823 511
819 950
371 209
274 222
804 712
704 55
118 798
3 578
995 673
45 103 102
276 197
847 939
181 465
404 272
938 652
295 720
767 16
532 428
209 528
875 552
980 967
722 216
261 669
961 582
573 496
178 856
927 62
131 477
357 713
906 286
535 337
647 961
600 489
271 494
862 902
80 976
547 891
667 506
220 690
36 465
63 251
320 972
655 541
30 780
402 857
216 396
289 207
468 722
103 269
148 978
772 978
763 201
7 260
893 93
862 940
26 82 77
814 105
831 927
106 895
339 820
979 984
950 936
865 370
949 917
156 727
890 933
242 143
801 193
929 394
736 176
92 179
747 297
704 417
881 424
872 912
240 555
277 116
906 970
256 590
263 792
877 108
252 551
14 134 48
637 121
107 910
515 242
162 444
953 407
436 671
35 123
652 198
130 226
957 108
894 514
158 903
584 433
768 952
19 64 46
845 362
767 400
868 368
990 221
96 721
62 77
891 385
50 875
54 132
959 909
76 843
207 118
993 225
838 69
821 153
272 794
129 861
802 150
908 977
3 149 108
290 579
799 187
449 181
42 185 181
885 333
106 214
396 752
308 887
726 371
254 926
840 995
207 858
255 676
856 95
737 153
73 706
901 952
313 885
840 927
922 168
291 283
761 114
878 221
899 124
773 94
105 748
725 434
852 208
173 126
807 994
772 136
840 977
967 404
270 179
176 877
876 963
994 923
106 529
95 626
834 111
132 167
992 905
202 929
156 293
213 914
752 209
21 15 87
915 366
810 939
997 108
946 950
150 638
891 88
754 228
128 579
170 785
118 271
993 981
852 323
819 915
132 260
61 156
801 939
941 974
303 905
176 88
59 242
879 990
2 100 75
365 599
975 84
12 68 22
978 937
316 780
289 817
294 624
66 137
152 545
914 985
932 997
706 440
705 50
728 361
954 250
20 14 83
714 29
214 343
194 559
318 134
944 643
948 943
377 872
350 478
554 18
827 455
916 476
544 845
683 688
375 921
835 823
990 644
80 499
812 414
710 829
3 732
29 30 156
282 883
352 957
59 974
77 166
270 899
224 919
324 894
859 290
257 753
842 980
271 248
818 970
920 361
107 291
914 97
773 271
967 931
987 981
757 396
943 953
748 179
372 898
237 560
231 751
128 816
199 166
218 91
887 305
851 402
40 96 61
957 203
265 225
717 52
317 664
266 830
890 993
728 396
145 287
67 824
905 968
226 52
77 229
195 218
963 943
769 320
825 224
752 446
169 203
907 161
376 599
854 74
158 63
947 939
976 162
286 711
984 289
244 121
377 774
234 236
264 245
986 988
765 320
124 91
119 73
84 745
373 906
807 233
94 879
940 95
936 442
29 49 184
239 844
231 167
359 749
277 640
174 180
868 918
137 290
304 862
752 334
120 992
109 607
60 922
845 958
986 308
840 146
875 78
979 957
746 203
153 169
925 209
805 97
983 925
199 524
104 520
798 282
75 51
269 656
837 923
715 183
42 176 112
728 13
9 264
889 974
935 594
926 721
305 110
135 920
941 357
338 236
974 95
314 648
987 474
394 312
593 947
863 956
335 179
341 386
327 755
781 92
534 964
262 514
107 430
208 996
660 875
217 937
929 810
130 198
677 412
516 276
286 384
217 299
926 72
116 341
710 631
776 119
739 504
131 582
453 6
835 441
177 297
488 150
287 521
20 178 78
690 587
429 985
521 450
114 102
710 148
593 839
289 67
770 802
15 735
164 634
876 925
720 189
704 471
499 127
515 822
115 196
785 885
356 4
273 164
889 536
37 89 47
75 144
834 944
54 168
67 761
105 523
216 615
62 727
201 797
172 890
276 221
868 419
954 77
946 90
713 249
288 535
160 86
231 595
739 162
255 182
260 233
773 72
147 939
849 926
735 210
300 876
130 966
359 752
901 303
284 210
830 267
720 381
368 805
920 108
887 204
134 100
156 504
335 993
33 24 83
824 137
694 660
961 598
152 350
948 762
415 907
376 754
904 198
772 118
95 967
904 34
502 988
968 871
648 317
446 746
8 565
905 240
479 599
533 926
427 568
677 879
791 669
176 796
337 553
766 908
536 777
339 341
141 223
331 48
972 860
36 22
943 795
110 893
49 12 121
173 290
154 925
93 567
56 287
187 245
983 995
968 442
114 502
793 79
80 673
76 273
983 996
96 974
246 727
387 943
147 980
896 172
232 647
174 258
967 999
122 106
376 919
180 161
125 783
168 76
251 639
932 338
385 786
204 215
886 316
890 924
323 917
147 658
82 952
263 76
947 349
840 112
67 187
137 270
51 208
193 294
977 207
152 153
57 524
984 956
859 171
965 385
90 239
173 870
34 58 188
269 946
269 966
879 948
767 414
50 544
82 591
974 341
123 168
204 138
224 988
134 746
846 450
246 194
982 308
826 904
139 633
821 928
975 358
284 822
221 239
970 358
832 332
892 368
771 189
842 949
353 990
362 774
213 503
950 949
98 708
107 95
306 782
901 289
936 934
48 177 55
111 576
83 891
911 262
933 341
190 219
860 217
828 71
949 226
257 648
243 754
978 210
71 664
815 111
116 973
704 145
923 998
879 942
906 166
76 154
52 261
944 986
123 718
731 366
104 245
727 121
850 282
913 288
958 226
922 357
977 904
915 936
107 596
910 164
929 903
98 915
292 58
257 771
116 503
828 386
210 626
915 911
52 220
955 966
948 164
222 629
367 615
283 857
931 949
40 91 122
421 877
64 692
191 205
154 272
707 467
194 895
946 408
440 827
513 512
29 384
772 253
361 417
516 692
415 982
99 719
170 712
427 703
765 941
714 840
585 104
418 984
891 436
251 235
190 521
675 64
964 697
801 271
948 872
71 532
589 765
655 847
851 113
963 639
22 869
163 809
684 932
130 518
492 428
724 976
924 76
2 133 137
962 976
358 621
48 131 139
234 851
170 521
576 502
711 841
509 836
863 254
681 62
50 840
272 858
69 201
15 945
511 806
246 550
487 465
647 807
545 166
835 620
216 91
449 21
64 74
899 546
670 286
427 683
437 440
641 889
637 270
176 243
602 598
633 238
454 745
466 757
303 584
956 770
300 997
946 764
455 49
474 452
633 616
978 794
630 794
223 847
733 840
593 493
673 932
934 561
381 538
571 381
439 669
16 131 159
768 311
891 289
830 987
276 133
813 960
397 884
988 426
364 601
154 298
959 407
985 224
288 159
906 258
971 160
270 223
857 220
16 85 50
228 267
666 5
606 755
533 766
158 847
264 821
439 67
190 963
235 78
766 983
184 431
451 682
869 905
807 172
47 463
757 748
19 76 24
722 447
166 254
983 144
136 688
96 215
719 471
381 781
815 629
78 648
928 381
832 475
794 890
559 810
391 841
837 528
761 616
497 697
525 364
547 414
37 24 125
236 766
367 583
123 949
220 101
943 977
170 125
140 783
129 934
955 385
959 903
247 879
299 166
61 808
787 82
299 698
943 445
794 441
874 299
216 806
924 968
255 743
276 820
951 933
825 162
820 180
348 867
221 129
262 843
946 105
143 998
128 880
283 967
961 53
858 904
85 231
128 897
919 176
