1
261
189
24
92
210
90
100
301
236
33
241
37
35
43
90
12
263
172
346
261
157
23
122
164
324
30
122
266
170
171
164
322
252
256
156
143
33
79
317
93
51
165
227
178
327
9
202
330
263
36
79
129
274
155
60
51
322
265
107
76
208
103
306
87
74
293
3
323
203
290
78
98
116
109
159
315
169
13
218
328
257
75
328
125
178
143
126
169
28
200
93
35
7
19
156
92
108
93
14
10
20
35
20
32
10
40
15
5
19
13
35
45
45
25
30
50
44
20
35
45
7
30
50
30
30
45
30
5
30
15
40
10
5
35
30
16
24
45
40
45
20
45
10
50
25
15
20
5
20
35
40
25
5
35
50
15
15
140
40
50
35
15
10
30
15
15
45
140
50
45
20
5
50
50
35
25
20
30
25
45
20
20
15
20
30
50
40
31
30
35
50
45
30
10
15
30
34
35
50
