88

2 1 3
1
0

1 4 2
1 1 1 1

2 2 2
1 0
0 1


5 8 10
1 0 0 0 0 0 0 1
0 0 0 0 0 0 0 1
0 0 0 0 0 0 0 1
0 0 0 0 1 0 0 0
0 0 0 0 0 0 1 0

5 8 2
0 0 0 0 0 1 0 1
0 0 0 0 0 0 0 1
0 0 0 0 0 0 0 1
0 0 0 0 1 0 0 0
0 0 0 0 0 0 1 0

2 3 2
1 0 1
1 0 0

11 7 17427
1 1 0 0 0 0 0
0 1 1 0 0 0 0
1 1 0 0 0 0 0
1 0 0 0 0 0 0
0 1 1 0 0 0 0
0 0 1 1 0 0 0
0 0 1 1 0 0 0
0 0 0 0 1 0 0
1 0 0 0 0 0 0
1 1 0 0 0 0 0
0 1 0 0 0 0 0
7 7 826136
1 0 1 0 0 0 0
1 0 1 0 0 0 0
1 0 1 0 0 0 0
0 1 0 1 0 0 0
0 0 1 0 0 0 0
0 0 1 0 0 0 0
1 0 1 0 0 0 0
10 7 341442
1 1 1 0 0 0 0
1 1 1 0 0 0 0
1 1 0 0 0 0 0
0 1 0 1 0 0 0
1 1 0 0 0 0 0
1 0 1 0 0 0 0
0 0 0 1 1 0 0
0 0 0 1 0 0 0
1 1 1 0 0 0 0
1 1 1 0 0 0 0
18 7 596332
0 0 0 1 0 0 1
1 0 0 1 0 0 0
1 0 0 1 0 0 0
1 0 0 1 0 0 0
1 0 0 0 0 0 0
1 0 0 1 0 0 0
0 0 0 1 0 0 1
1 0 0 0 0 0 0
0 1 0 0 1 0 0
0 1 0 0 0 0 0
0 0 0 1 0 0 1
1 0 0 1 0 0 0
1 0 0 0 0 0 0
0 0 0 1 0 0 0
1 0 0 0 0 0 0
1 0 0 0 0 0 0
0 1 0 0 0 0 0
1 0 0 1 0 0 0
18 7 261300
0 1 0 0 0 0 0
1 0 1 0 0 0 0
1 0 0 1 0 0 0
0 1 0 1 0 0 0
0 1 0 0 1 0 0
0 1 0 1 0 0 0
0 1 0 1 0 0 0
1 0 1 0 0 0 0
0 0 0 1 0 1 0
1 0 0 1 0 0 0
0 1 0 1 0 0 0
1 0 0 0 0 0 0
0 0 1 0 0 0 0
1 0 1 0 0 0 0
0 0 1 0 1 0 0
0 1 0 0 0 0 0
1 0 0 0 0 0 0
0 1 0 0 0 0 0
13 7 954466
1 1 0 1 0 0 0
1 1 1 1 0 0 0
1 0 1 1 0 0 0
1 1 1 1 0 0 0
1 1 0 1 0 0 0
0 1 0 1 1 0 0
0 0 1 1 1 1 0
0 0 0 1 1 1 0
0 1 0 0 1 0 0
1 0 0 0 0 0 0
0 1 1 0 1 0 0
1 0 1 0 0 0 0
0 0 1 1 0 1 0
12 7 36349
0 1 0 0 0 1 0
1 0 0 0 0 0 0
0 1 0 0 0 0 0
1 0 0 0 1 0 0
1 0 0 0 1 0 0
0 1 0 0 0 1 0
1 0 0 0 1 0 0
1 0 0 0 1 0 0
1 0 0 0 0 0 0
0 1 0 0 0 0 0
0 1 0 0 0 0 0
0 0 1 0 0 0 1
14 7 278391
0 1 0 0 1 0 0
1 0 0 0 1 0 0
1 0 0 1 0 0 0
1 0 0 0 1 0 0
1 0 0 0 1 0 0
0 1 0 0 1 0 0
1 0 0 1 0 0 0
0 1 0 0 1 0 0
0 0 0 1 0 0 1
1 0 0 1 0 0 0
1 0 0 1 0 0 0
0 0 1 0 0 1 0
0 1 0 0 1 0 0
1 0 0 0 1 0 0
7 7 108738
1 0 0 0 1 0 0
1 0 1 0 1 0 0
1 0 0 1 0 0 0
1 0 0 0 1 0 0
1 0 0 1 0 0 0
0 1 0 0 1 0 0
0 0 1 0 1 0 1
9 7 679953
1 1 0 1 0 0 0
1 0 1 0 1 0 0
1 1 1 1 1 0 0
1 0 0 1 1 0 0
1 0 1 1 1 0 0
1 0 1 0 0 0 0
0 1 1 1 1 0 0
1 1 1 1 1 0 0
0 0 0 0 0 1 1
16 7 739342
1 0 0 0 0 0 0
0 1 0 0 0 0 0
0 0 1 0 0 0 0
1 0 0 0 0 0 0
1 0 0 0 0 1 0
0 0 1 0 0 0 0
1 0 0 0 0 0 0
0 0 1 0 0 0 0
0 1 0 0 0 0 1
1 0 0 0 0 0 0
1 0 0 0 0 0 0
0 1 0 0 0 0 1
0 0 0 0 0 1 0
1 0 0 0 0 1 0
1 0 0 0 0 1 0
1 0 0 0 0 0 0
17 7 190986
1 0 0 0 0 1 0
0 1 0 0 0 1 0
0 1 0 0 0 1 0
1 0 0 0 1 0 0
1 0 0 0 0 1 0
1 0 0 0 0 0 0
1 0 0 0 0 1 0
0 1 0 0 0 0 1
0 0 1 0 0 0 0
0 1 0 0 0 0 0
1 0 0 0 0 1 0
0 0 1 0 0 0 1
0 0 1 0 0 0 1
1 0 0 0 1 0 0
1 0 0 0 1 0 0
0 0 0 0 1 0 0
0 1 0 0 0 1 0
9 7 365094
0 0 0 0 0 1 0
0 1 0 0 1 0 0
1 0 0 1 0 0 0
1 0 0 0 1 0 0
1 0 0 0 0 1 0
1 0 0 1 0 0 0
0 1 0 0 1 0 0
1 0 0 1 0 0 0
0 0 1 0 0 0 0
19 7 800470
0 0 0 0 0 1 0
1 0 1 0 0 0 0
1 0 0 1 0 1 0
1 0 0 0 1 0 0
1 0 0 1 0 1 0
0 1 0 0 0 1 0
0 1 0 0 1 0 1
0 1 0 0 1 0 0
1 0 0 0 0 1 0
1 0 0 0 0 0 0
0 0 1 0 0 1 0
1 0 0 0 0 0 0
0 1 0 1 0 0 0
0 0 0 0 0 0 0
1 0 0 1 0 1 0
0 1 0 1 0 1 0
0 1 0 1 0 1 0
0 1 0 1 0 1 0
0 1 0 1 0 1 0
20 7 231331
1 1 1 1 0 1 0
1 0 1 1 1 0 0
1 0 0 1 0 0 0
1 1 0 1 1 1 0
1 1 0 1 1 1 0
0 1 1 0 0 1 1
1 1 1 1 0 0 0
0 1 0 1 1 1 1
1 0 0 0 0 0 0
0 1 1 0 1 0 1
1 0 1 0 1 1 0
1 0 1 0 0 0 0
0 1 0 0 0 1 0
1 0 1 0 1 0 0
0 0 0 0 1 0 0
1 1 0 0 0 0 0
0 0 0 0 0 1 0
1 0 0 1 0 0 0
0 1 0 1 1 1 0
0 0 1 0 0 1 0
9 7 293131
1 0 0 0 0 0 1
0 1 0 0 0 0 0
0 0 0 0 1 0 0
1 0 0 0 0 0 0
1 0 0 0 0 0 1
1 0 0 0 0 0 1
1 0 0 0 0 0 1
0 0 1 0 0 0 0
0 0 1 0 0 0 0
10 7 962401
0 0 0 0 1 0 0
0 1 0 0 0 0 1
0 1 0 0 0 0 0
0 1 0 0 0 0 0
1 0 0 0 0 1 0
1 0 0 0 0 0 1
0 0 1 0 0 0 0
1 0 0 0 0 1 0
1 0 0 0 0 1 0
1 0 0 0 0 0 0
12 7 856227
0 0 0 0 0 0 0
0 0 0 1 0 0 0
1 0 0 1 0 0 1
1 0 0 0 1 0 0
1 0 0 0 0 1 0
1 0 0 0 0 0 1
0 0 0 0 0 0 0
0 0 1 0 0 1 0
1 0 0 0 0 0 1
0 0 1 0 0 1 0
1 0 0 1 0 0 1
1 0 0 0 1 0 0
16 7 732963
0 0 1 0 1 0 1
1 0 1 0 0 0 0
1 0 0 1 0 0 1
1 0 1 0 1 0 0
1 0 0 0 0 1 0
1 0 1 0 1 0 1
0 0 0 1 0 1 0
1 0 0 1 0 1 0
0 0 1 0 0 0 1
0 1 0 1 0 0 0
1 0 0 1 0 0 0
0 1 0 0 0 0 0
0 1 0 0 1 0 0
1 0 1 0 1 0 0
0 0 1 0 0 0 1
1 0 1 0 1 0 1
19 7 612080
1 1 0 1 0 0 1
1 1 1 1 1 0 1
1 0 1 1 1 0 1
1 0 0 1 1 0 0
1 1 1 0 0 1 0
1 1 0 0 0 1 1
1 0 0 0 1 0 0
0 0 0 1 1 1 0
0 1 0 0 0 1 1
0 1 0 0 0 1 1
1 0 0 1 1 1 0
0 0 0 1 1 1 0
0 1 1 1 0 0 1
1 0 0 1 0 1 0
1 0 1 0 1 0 0
1 0 0 0 1 1 1
1 0 1 0 0 1 1
1 1 0 1 0 1 1
0 1 0 0 0 0 1
15 8 319865
1 1 0 0 0 0 0 0
1 0 0 0 0 0 0 0
0 1 0 0 0 0 0 0
0 0 0 1 1 0 0 0
1 1 0 0 0 0 0 0
0 0 1 1 0 0 0 0
0 1 1 0 0 0 0 0
1 0 0 0 0 0 0 0
1 0 0 0 0 0 0 0
0 0 0 1 0 0 0 0
0 1 1 0 0 0 0 0
0 1 1 0 0 0 0 0
0 1 1 0 0 0 0 0
0 1 1 0 0 0 0 0
0 0 0 0 1 1 0 0
12 8 470932
1 1 1 0 0 0 0 0
1 0 1 0 0 0 0 0
1 0 0 0 0 0 0 0
0 0 0 0 0 0 0 1
0 0 1 1 0 0 0 0
1 0 0 0 0 0 0 0
0 0 0 1 0 1 0 0
0 0 1 0 1 0 0 0
0 0 1 1 1 0 0 0
1 1 1 0 0 0 0 0
0 1 1 0 0 0 0 0
0 0 0 0 1 1 0 0
12 8 646321
0 1 0 0 0 0 0 0
1 0 0 0 0 0 0 0
1 0 0 1 0 0 0 0
0 1 0 0 1 0 0 0
0 1 0 0 1 0 0 0
1 0 0 1 0 0 0 0
0 1 0 0 0 0 0 0
1 0 0 0 0 0 0 0
0 1 0 0 0 0 0 0
1 0 0 0 0 0 0 0
1 0 0 0 0 0 0 0
1 0 0 1 0 0 0 0
14 8 259378
1 1 0 1 0 0 0 0
1 0 1 1 0 0 0 0
1 0 0 1 0 0 0 0
0 0 0 1 1 0 0 0
0 1 1 1 0 0 0 0
0 1 1 1 0 0 0 0
1 1 0 1 0 0 0 0
0 1 1 1 1 0 0 0
0 1 1 0 0 0 0 0
0 1 1 1 0 0 0 0
0 1 1 1 1 0 0 0
1 1 1 1 0 0 0 0
0 0 1 0 1 0 0 0
1 0 0 0 0 0 0 0
11 8 998108
1 0 0 0 0 0 0 0
0 1 0 0 0 1 0 0
1 0 0 0 1 0 0 0
1 0 0 0 1 0 0 0
0 0 1 0 0 0 0 0
1 0 0 0 1 0 0 0
1 0 0 0 0 0 0 0
1 0 0 0 1 0 0 0
1 0 0 0 1 0 0 0
1 0 0 0 0 0 0 0
1 0 0 0 1 0 0 0
9 8 862118
0 0 0 1 0 0 0 0
0 1 0 0 0 0 0 0
1 0 0 0 0 0 0 1
0 0 0 0 1 0 0 0
0 0 0 1 0 0 0 0
1 0 0 0 0 0 0 0
1 0 0 0 0 0 0 1
1 0 0 0 0 0 0 0
0 1 0 0 0 0 0 0

15 3 595661
1 1 0
0 1 1
1 0 0
1 0 0
0 0 0
0 1 0
1 0 0
1 1 0
0 0 1
0 0 1
0 0 1
1 1 0
0 0 0
0 1 1
1 0 0
18 3 699973
0 0 1
1 0 1
0 0 1
1 0 1
1 0 1
0 0 1
1 0 0
1 0 0
1 0 1
1 0 1
0 0 1
1 0 0
1 0 0
0 0 1
0 0 1
1 0 0
1 0 0
0 1 0
12 3 144018
1 1 0
1 0 1
0 1 1
0 0 0
0 1 0
0 0 1
0 0 0
1 1 1
0 0 0
1 0 1
0 1 1
1 0 0
19 4 350017
1 1 0 0
1 0 0 0
0 1 0 0
0 1 1 0
1 0 0 0
0 0 1 0
0 0 1 1
0 1 0 0
1 0 0 0
1 0 0 0
0 1 0 0
1 0 0 0
0 0 0 1
1 0 0 0
1 1 0 0
1 1 0 0
1 0 0 0
0 1 1 0
1 1 0 0
10 4 774865
1 0 0 0
1 0 1 0
0 0 0 1
0 1 0 1
0 1 0 1
0 1 0 1
0 0 1 0
1 0 1 0
1 0 1 0
0 1 0 1
17 4 259530
1 1 0 0
1 1 1 0
0 0 0 0
0 0 0 1
1 0 1 0
0 0 1 1
0 1 0 1
1 0 0 0
1 0 0 0
0 0 0 0
0 0 1 0
1 1 0 0
1 0 1 0
0 0 0 0
1 0 1 0
0 0 1 0
1 0 1 0
10 4 458266
0 1 0 0
0 1 0 0
1 0 0 1
0 0 0 0
1 0 0 1
1 0 0 0
0 1 0 0
0 1 0 0
1 0 0 1
0 0 0 0
5 4 777398
1 1 0 0
0 0 0 1
1 0 0 1
1 1 0 0
0 1 0 0
16 4 304148
1 0 1 0
1 0 1 0
1 0 0 1
1 0 0 1
1 0 0 1
0 0 0 1
1 0 1 0
0 0 0 0
1 0 1 0
1 0 1 0
1 0 0 1
0 1 0 0
0 0 1 0
1 0 1 0
0 1 0 1
1 0 0 0
13 4 917203
1 1 0 1
1 0 1 0
1 1 1 1
1 1 0 1
0 0 1 0
1 1 0 0
1 1 1 1
1 1 1 0
1 0 1 1
1 1 0 1
0 1 0 0
0 0 0 0
1 0 0 0
14 5 686270
1 1 0 0 0
1 0 0 0 0
0 0 0 0 1
0 0 1 0 0
0 0 0 1 1
0 1 1 0 0
1 0 0 0 0
1 0 0 0 0
1 0 0 0 0
1 1 0 0 0
0 1 1 0 0
1 0 0 0 0
1 1 0 0 0
0 0 0 1 1
6 5 872524
0 1 0 0 0
1 0 1 0 0
0 0 1 0 0
1 0 0 0 0
1 0 1 0 0
0 0 1 0 0
9 5 573718
1 1 1 0 0
1 0 1 0 0
1 0 1 0 0
1 0 0 0 0
0 0 0 1 0
1 0 0 0 0
0 0 0 0 0
0 1 1 1 0
0 0 0 1 1
12 5 684347
1 0 0 0 0
1 0 0 0 0
1 0 0 1 0
0 1 0 0 1
1 0 0 0 0
0 1 0 0 1
0 1 0 0 1
1 0 0 1 0
1 0 0 1 0
1 0 0 1 0
1 0 0 0 0
1 0 0 1 0
12 5 369275
1 1 0 0 0
1 0 0 1 0
1 0 0 1 0
1 1 0 0 0
0 1 0 0 0
0 1 0 0 0
0 1 1 0 0
1 0 0 0 0
0 1 1 0 0
0 0 0 1 0
1 0 0 0 0
1 0 0 0 0
9 5 446273
1 0 0 0 0
1 0 1 0 0
1 0 0 1 0
0 0 0 0 0
0 0 0 1 0
0 1 0 1 0
0 0 1 0 0
1 0 0 0 0
0 1 0 1 0
8 5 657125
1 1 0 0 0
1 1 1 0 0
1 1 1 1 0
1 1 0 0 0
1 0 0 0 0
1 0 0 0 0
0 1 1 0 1
0 0 1 1 1
13 5 132817
0 1 0 0 0
0 1 0 0 0
1 0 0 0 1
1 0 0 0 1
0 1 0 0 0
1 0 0 0 0
1 0 0 0 1
0 0 0 0 1
0 0 0 1 0
1 0 0 0 0
1 0 0 0 1
0 0 1 0 0
0 0 0 1 0
9 5 379285
1 1 0 0 0
0 0 0 1 1
0 0 0 0 0
1 0 0 0 1
1 1 0 0 0
1 1 0 0 0
1 1 0 0 0
0 0 1 1 0
0 0 0 1 1
15 5 768151
1 0 0 0 0
1 0 1 0 0
0 1 0 1 0
1 0 1 0 1
0 1 0 1 0
1 0 1 0 1
0 1 0 1 0
0 0 0 1 0
0 1 0 0 0
1 0 1 0 0
0 0 0 1 0
1 0 1 0 0
1 0 1 0 0
1 0 1 0 0
1 0 0 0 1
7 5 643697
1 1 1 0 0
1 1 1 0 0
0 1 0 1 0
1 0 0 0 1
1 0 0 0 0
0 0 0 1 0
0 0 1 0 1
18 5 686453
1 0 0 1 0
0 0 1 0 0
1 0 0 1 0
1 0 0 0 1
0 0 0 0 0
1 0 0 0 1
0 1 0 0 1
1 0 0 1 0
1 0 0 1 0
0 1 0 0 1
0 1 0 0 0
1 0 0 0 1
0 0 0 0 1
0 0 0 1 0
1 0 0 1 0
0 0 1 0 0
0 1 0 0 0
1 0 0 0 0
20 5 544695
1 1 0 0 0
0 1 1 0 0
1 0 0 1 1
1 0 0 1 1
0 1 0 0 0
0 0 0 1 0
1 1 0 0 0
0 0 1 1 0
0 1 1 0 0
0 1 1 0 0
1 0 0 1 0
0 1 1 0 0
0 1 1 0 0
0 1 1 0 0
0 0 0 1 1
0 1 0 0 0
1 1 0 0 1
1 1 0 0 0
1 1 0 0 1
0 0 1 0 0
6 5 173132
1 0 1 0 0
1 0 1 0 0
1 0 0 1 0
1 0 0 0 1
0 0 1 0 1
1 0 1 0 0
12 5 236824
1 1 1 0 0
1 0 1 1 0
1 0 0 1 0
1 1 0 0 1
0 0 0 1 1
0 1 1 1 1
0 1 0 1 0
0 1 0 1 0
0 0 0 0 1
0 0 1 0 0
0 1 1 0 1
1 0 0 0 1
10 6 510148
1 1 0 0 0 0
1 1 0 0 0 0
1 0 0 0 0 0
1 1 0 0 0 0
1 1 0 0 0 0
0 1 0 0 0 0
1 0 0 0 0 0
1 1 0 0 0 0
0 1 1 0 0 0
0 1 0 0 0 0
11 6 989746
1 0 1 0 0 0
1 0 1 0 0 0
0 0 0 1 0 0
0 1 0 0 0 0
1 0 0 0 0 0
0 1 0 0 0 0
1 0 1 0 0 0
1 0 0 0 0 0
0 0 1 0 1 0
1 0 1 0 0 0
0 1 0 0 0 0
8 6 453567
1 1 1 0 0 0
1 0 1 0 0 0
0 1 0 0 0 0
1 1 0 0 0 0
1 1 0 0 0 0
1 1 1 0 0 0
0 0 0 1 0 0
1 1 1 0 0 0
16 6 920957
0 0 1 0 0 0
1 0 0 0 0 0
1 0 0 1 0 0
1 0 0 0 0 0
1 0 0 0 0 0
1 0 0 1 0 0
1 0 0 1 0 0
1 0 0 0 0 0
0 0 1 0 0 1
1 0 0 0 0 0
0 1 0 0 0 0
1 0 0 0 0 0
0 0 0 0 0 0
1 0 0 1 0 0
1 0 0 0 0 0
1 0 0 0 0 0
7 6 865871
1 1 0 0 0 0
0 0 1 0 0 0
1 0 0 1 0 0
0 0 0 1 0 0
1 0 0 1 0 0
1 1 0 0 0 0
0 0 0 1 0 0
19 6 292521
1 0 0 0 0 0
1 0 1 0 0 0
1 0 0 1 0 0
0 0 0 1 0 0
1 0 1 0 0 0
0 0 1 0 1 0
1 0 1 0 0 0
0 0 1 0 1 0
0 1 0 0 0 0
1 0 0 0 0 0
0 0 0 0 0 1
0 0 1 0 1 0
1 0 1 0 0 0
0 0 0 0 1 0
1 0 0 1 0 0
0 1 0 0 0 0
1 0 1 0 0 0
1 0 1 0 0 0
0 1 0 1 0 0
14 6 76480
1 1 1 0 0 0
1 0 1 0 0 0
1 1 1 1 0 0
0 0 0 0 0 1
1 1 1 1 0 0
0 0 0 1 0 1
1 1 0 1 0 0
0 1 0 1 0 0
0 0 1 1 0 0
0 0 0 1 0 0
1 1 0 0 0 0
0 0 1 1 1 1
1 1 1 0 0 0
0 0 0 1 0 0
9 6 82035
0 1 0 0 0 1
0 0 1 0 0 0
1 0 0 0 0 0
1 0 0 0 1 0
0 1 0 0 0 0
1 0 0 0 0 0
0 1 0 0 0 0
1 0 0 0 1 0
1 0 0 0 0 0
7 6 687338
1 1 0 0 0 0
0 1 1 0 0 0
0 0 0 1 1 0
1 0 0 0 1 0
0 1 0 0 0 0
0 1 1 0 0 0
0 1 1 0 0 0
7 6 561114
0 0 0 1 0 0
1 0 1 0 1 0
1 0 0 0 0 0
1 0 0 0 1 0
0 1 0 1 0 1
1 0 1 0 1 0
1 0 1 0 1 0
8 6 250436
1 1 1 0 0 0
1 1 1 0 0 0
1 1 0 0 0 0
1 0 1 0 1 0
1 1 0 0 0 0
1 0 1 0 1 0
1 0 1 0 0 0
1 0 0 0 0 0
19 6 843227
1 0 0 0 1 0
0 0 0 0 0 0
1 0 0 1 0 0
1 0 0 0 1 0
0 1 0 0 0 0
1 0 0 0 1 0
1 0 0 1 0 0
1 0 0 0 1 0
1 0 0 1 0 0
0 0 0 1 0 0
1 0 0 0 1 0
0 1 0 0 0 1
1 0 0 0 0 0
1 0 0 0 0 0
1 0 0 0 1 0
1 0 0 1 0 0
0 0 1 0 0 1
0 0 1 0 0 0
0 1 0 0 1 0
13 6 426039
1 1 0 0 0 0
1 1 0 0 0 0
1 0 0 1 1 0
1 0 0 0 1 0
1 0 0 0 0 0
1 0 0 1 0 0
0 1 1 0 0 0
0 1 0 0 1 0
1 0 0 1 0 0
0 0 0 1 1 0
1 1 0 0 0 0
0 1 0 0 0 1
1 1 0 0 1 0
8 6 493912
0 1 0 0 1 0
1 0 1 0 0 0
1 0 0 1 0 0
1 0 0 0 1 0
1 0 0 1 0 0
0 1 0 0 1 0
1 0 1 0 0 0
1 0 0 0 0 0
6 6 870754
1 1 1 0 1 0
1 1 1 0 0 0
1 1 1 1 0 0
1 1 1 1 1 0
0 1 0 0 0 1
0 1 1 1 1 1
12 6 576220
1 0 0 0 0 1
1 0 0 0 0 0
0 0 1 0 0 0
1 0 0 0 0 0
1 0 0 0 0 1
0 0 0 0 1 0
0 1 0 0 0 0
0 1 0 0 0 0
0 1 0 0 0 0
0 1 0 0 0 0
1 0 0 0 0 0
1 0 0 0 0 0
19 6 528154
1 1 0 0 0 0
1 0 0 0 0 1
0 1 0 0 0 0
0 0 1 0 0 0
1 0 0 0 0 1
0 0 1 1 0 0
1 0 0 0 0 1
0 1 1 0 0 0
1 0 0 0 0 1
1 0 0 0 0 1
1 1 0 0 0 0
0 1 0 0 0 0
0 1 1 0 0 0
0 0 1 0 0 0
0 1 0 0 0 0
0 1 0 0 0 0
0 0 0 0 0 1
0 0 1 1 0 0
1 1 0 0 0 0
18 6 81089
1 0 0 0 0 1
1 0 1 0 0 0
0 1 0 0 0 0
0 0 1 0 1 0
1 0 0 0 0 1
0 0 0 1 0 1
1 0 0 0 0 0
0 1 0 0 0 0
0 1 0 1 0 0
0 1 0 0 0 0
1 0 1 0 0 0
0 1 0 1 0 0
0 1 0 1 0 0
0 0 0 0 1 0
1 0 0 0 0 1
0 1 0 1 0 0
1 0 1 0 0 0
1 0 0 0 0 0
10 6 230568
1 1 1 0 0 0
1 0 1 0 0 0
0 1 0 1 0 0
1 1 0 0 0 0
1 0 0 0 0 1
1 1 0 0 0 0
1 1 0 0 0 0
1 0 1 0 0 0
0 1 0 0 0 0
1 0 0 0 0 0
14 6 501206
1 0 0 1 0 0
1 0 0 1 0 0
1 0 0 1 0 0
1 0 0 1 0 0
1 0 0 0 0 1
1 0 0 1 0 0
0 1 0 0 1 0
1 0 0 1 0 0
1 0 0 1 0 0
0 1 0 0 1 0
1 0 0 1 0 0
0 0 1 0 0 1
0 1 0 0 1 0
0 0 1 0 0 0
16 6 381238
1 1 0 0 0 0
1 1 0 0 0 0
1 0 0 1 0 0
0 0 1 0 0 1
1 0 0 0 0 1
1 1 0 0 0 0
0 1 0 0 0 0
1 0 0 1 0 0
1 1 0 0 0 0
1 1 0 0 0 0
1 0 0 0 0 0
1 0 0 0 0 1
1 0 0 1 0 0
1 0 0 1 0 0
0 1 1 0 0 0
1 0 0 0 0 0
14 6 438063
0 0 0 0 1 0
1 0 1 0 0 1
1 0 0 1 0 0
0 0 0 0 0 1
1 0 0 0 0 1
1 0 0 1 0 1
1 0 0 0 0 1
0 0 0 0 1 0
0 1 0 0 1 0
1 0 1 0 0 0
1 0 0 0 0 1
0 1 0 0 0 0
1 0 1 0 0 1
1 0 0 1 0 1
15 6 736778
1 1 0 0 0 0
1 1 1 1 0 0
1 1 0 1 0 0
0 0 1 0 1 1
1 0 0 0 0 1
1 1 0 0 0 0
0 1 1 0 1 0
0 0 0 1 1 0
0 0 0 1 1 1
0 1 1 0 0 0
1 0 0 0 0 1
0 0 1 0 1 1
1 0 0 1 0 0
0 1 1 1 1 0
1 0 1 0 0 1
7 6 805750
1 0 0 0 1 0
1 0 0 0 0 1
0 1 0 0 0 0
1 0 0 0 1 0
1 0 0 0 0 1
1 0 0 0 0 0
1 0 0 0 0 0
12 6 107975
1 1 0 0 0 1
1 0 0 0 0 0
0 1 1 0 0 0
1 0 0 0 1 1
1 1 0 0 0 1
0 1 0 0 0 1
1 0 0 0 0 0
1 0 0 0 0 0
0 0 0 0 0 1
1 0 0 0 0 1
1 1 0 0 0 1
1 0 0 0 0 1
17 6 553820
0 0 0 1 0 1
1 0 1 0 0 0
1 0 0 0 1 0
1 0 1 0 1 0
1 0 0 0 0 1
1 0 1 0 0 0
1 0 0 0 0 1
1 0 1 0 1 0
0 1 0 0 0 0
1 0 1 0 0 0
1 0 1 0 1 0
0 1 0 1 0 1
1 0 1 0 0 0
1 0 1 0 0 0
1 0 0 0 0 1
0 0 0 0 0 0
0 1 0 1 0 1
13 6 19075
1 1 0 0 0 0
1 1 1 0 0 0
1 1 1 0 0 0
1 0 1 0 1 0
1 0 0 0 1 1
0 1 0 0 0 0
1 0 1 0 1 0
0 1 0 0 0 0
1 0 1 0 0 0
1 0 0 0 0 1
0 1 1 0 0 0
0 1 0 1 0 1
0 0 0 0 0 0
10 6 57620
1 0 0 0 1 0
1 0 0 0 0 0
1 0 0 1 0 0
1 0 0 0 1 0
1 0 0 0 0 1
0 1 0 0 1 0
1 0 0 1 0 0
0 0 0 0 1 0
0 1 0 0 0 1
1 0 0 1 0 0
6 6 192908
1 1 0 0 0 1
0 0 0 0 1 1
1 0 0 1 1 0
1 1 0 0 1 0
1 0 0 0 1 1
0 0 0 0 1 0
9 6 872860
1 0 1 0 0 0
1 0 1 0 1 0
1 0 0 1 0 0
1 0 1 0 1 0
1 0 1 0 0 1
0 1 0 1 0 1
1 0 1 0 1 0
0 1 0 1 0 0
0 0 1 0 0 0
7 6 399488
1 1 1 0 0 1
1 1 1 1 1 1
1 0 0 1 0 1
1 0 1 1 1 1
1 0 0 1 1 1
1 0 1 1 0 1
0 1 1 0 1 0

